3.613
6.345
6.935
3.435
1.736
2.066
9.110
7.469
8.189
4.326
1.555
1.796
4.329
1.632
4.037
1.533
1.703
3.662
55.763
3.568
5.401
746.899
79.378
17.175
2.732
78.814
6.783
8.395
2.455
4.414
94.686
13.722
3.752
18.968
1.607
98.480
18.925
9.178
1.713
4.336
2.147
6.008
4.340
6.358
1.415
1.617
7.510
5.388
3.034
1.438
1.467
2.690
1.827
5.766
4.493
10.721
4.906
1.460
4.186
1.479
2.833
7.769
3.091
1.370
1.535
1.368
12.038
4.131
1.506
5.035
8.348
1.493
25.851
320.150
247.523
184.736
116.266
272.548
183.999
116.294
40.449
3.947
5.128
3.124
1.667
2.686
6.373
3.382
2.061
1.472
4.709
1.744
4.005
6.849
2.313
5.686
1.936
4.675
3.257
1.502
4.380
4.206
4.582
4.176
1.291
2.166
1.508
1.499
10.776
2.189
2.245
9.046
6.431
5.629
5.059
9.378
13.248
120.906
118.933
60.215
9.997
50.417
7.093
2.010
2.037
2.249
4.033
6.251
14.635
6.569
3.387
6.649
2.806
1.953
1.277
2.261
4.606
5.618
1.681
2.847
3.713
2.993
6.087
2.945
1.134
2.311
1.438
3.374
2.490
1.253
2.363
1.266
5.028
1.454
4.883
2.148
1.907
4.129
2.864
1.687
1.781
7.573
3.323
3.994
5.890
7.766
15.935
1.697
2.013
5.113
13.188
7.996
1.945
3.774
1.679
3.031
1.418
1.389
5.042
6.933
10.808
1.721
6.475
4.744
2.241
5.840
2.390
6.747
8.375
2.322
2.251
10.410
5.302
2.255
4.346
1.647
1.434
10.198
10.508
2.573
1.303
3.486
3.743
4.046
1.313
4.225
3.489
1.596
6.654
2.370
1.280
1.679
2.921
7.878
1.949
4.428
4.318
7.543
4.254
2.015
9.555
4.204
4.612
7.870
21.577
5.930
6.947
10.732
2.443
3.552
6.130
6.023
6.310
2.698
1.784
3.135
5.405
5.929
3.615
2.909
1.843
4.032
1.621
4.875
2.103
2.464
2.998
1.800
2.280
1.535
1.650
11.871
5.062
1.577
2.240
3.000
6.811
3.860
4.130
11.004
1.542
4.975
3.424
10.609
2.271
2.020
5.409
6.805
6.717
1.979
1.601
1.291
1.385
2.818
1.407
2.625
5.556
2.175
1.284
10.054
1.626
1.716
1.548
2.719
10.765
4.054
4.710
3.037
1.268
1.352
8.380
2.848
5.483
1.958
4.400
4.151
2.932
7.651
6.698
1.589
3.043
3.446
1.312
4.182
1.635
4.286
8.123
4.471
1.281
85.800
14.786
2.024
208.129
71.945
4.292
1.547
3.517
1.819
2.842
1.296
3.573
230.943
31.002
4.341
6.986
1.314
2.320
1.312
1.323
1.922
1.340
5.547
1.492
4.952
2.427
1.441
1.548
5.104
6.349
1.497
6.039
2.138
4.875
6.811
5.052
2.840
1.716
28.972
7.587
4.615
3.902
7.680
8.022
1.751
2.503
1.945
13.267
3.350
200.666
236.503
185.214
136.148
211.803
201.147
128.475
59.498
1.672
4.906
1.679
3.313
3.939
2.019
2.159
1.544
9.088
2.899
8.237
6.221
7.399
2.308
3.622
2.250
4.775
2.647
5.316
6.334
4.964
4.170
17.057
1.958
7.221
1.534
1.930
3.292
1.624
14.655
2.201
4.617
1.476
1.252
6.470
1.339
79.056
183.308
136.726
52.409
60.289
127.170
56.276
14.497
2.354
10.763
24.500
3.484
5.337
1.959
3.286
18.318
1.541
1.344
1.391
1.304
18.432
1.943
3.481
5.425
5.476
1.896
2.634
1.534
1.755
1.867
3.064
1.340
8.986
5.669
11.537
19.132
1.547
2.803
2.106
1.758
7.076
8.126
1.597
4.510
3.036
13.088
9.166
9.351
5.155
5.911
4.022
7.143
3.306
1.181
2.719
3.244
3.023
3.920
4.312
2.720
1.690
10.969
3.631
1.554
2.037
6.335
9.996
7.335
4.253
5.503
16.932
6.794
7.122
6.911
7.146
6.663
6.846
10.282
9.724
6.761
7.872
2.089
17.707
5.497
12.004
11.459
5.194
1.711
8.443
5.196
8.932
6.839
3.492
1.827
1.808
9.083
1.507
11.306
2.484
3.277
6.799
1.418
8.471
1.507
6.842
4.215
7.288
7.143
1.796
9.999
7.588
5.858
5.224
6.034
11.617
11.348
15.849
6.779
3.524
1.632
3.613
4.967
5.086
7.680
7.004
3.722
5.503
7.154
6.768
19.980
8.186
6.946
6.890
3.895
8.219
11.150
13.169
4.333
9.556
11.418
4.411
7.577
3.330
4.216
4.194
4.306
5.316
7.625
7.927
3.350
6.729
7.079
10.443
9.149
11.019
2.396
14.775
11.585
2.844
3.874
11.998
1.948
7.018
4.544
4.598
7.410
7.043
6.221
2.795
1.734
4.368
2.897
4.470
10.254
5.327
3.246
6.403
4.678
5.236
5.476
27.901
2.682
4.377
8.311
4.526
6.039
3.509
9.877
1.289
6.219
13.945
463.932
68.165
4.912
6.909
1.792
180.067
19.884
4.201
7.967
2.655
5.330
8.182
4.163
1.538
143.649
48.774
7.055
5.764
3.756
5.341
5.380
7.484
3.810
5.139
6.186
21.756
15.506
12.774
18.250
8.191
15.270
17.856
4.755
9.854
19.548
7.588
112.215
20.794
17.386
14.460
34.809
11.194
19.623
9.848
7.205
6.631
24.049
15.846
12.364
9.433
11.057
20.679
20.756
90.093
275.160
221.878
172.942
149.600
189.033
107.951
46.584
24.545
37.603
12.042
13.029
28.116
2.842
26.163
18.284
19.171
23.730
20.011
9.744
10.771
16.653
12.056
12.773
16.622
27.535
27.768
12.461
17.231
35.426
13.915
24.433
33.358
25.996
9.512
31.762
17.097
9.239
7.002
24.247
26.889
11.480
18.486
25.852
89.650
192.717
110.029
56.321
50.989
108.962
47.913
4.866
9.215
2.792
7.252
14.133
35.539
5.017
8.118
11.046
4.025
2.163
9.092
7.202
26.001
10.651
12.750
26.478
25.485
16.693
6.163
26.326
5.374
10.907
8.265
6.547
21.949
11.471
17.947
16.003
12.081
7.220
6.915
6.866
20.717
16.904
18.357
14.438
23.903
27.143
6.978
12.391
9.354
18.198
8.800
12.480
7.033
3.094
17.671
29.969
8.213
25.361
19.079
71.205
26.115
11.469
25.320
9.310
8.490
13.386
1.538
25.607
19.571
12.655
7.550
13.812
24.412
7.274
19.259
10.088
29.087
12.793
20.842
11.629
12.629
12.325
11.071
18.576
13.471
6.246
7.260
8.057
18.655
7.249
22.636
8.801
12.494
22.319
4.374
7.385
12.851
29.472
16.207
24.742
13.706
21.261
24.575
2.239
8.226
7.577
28.972
10.689
9.369
20.650
34.680
27.420
30.844
33.750
17.781
26.430
15.892
36.833
8.180
17.613
23.691
3.935
11.012
15.256
7.329
5.013
11.628
12.647
28.300
8.066
15.504
3.116
17.219
18.865
7.568
14.201
12.951
24.768
6.044
6.802
12.611
27.737
3.500
20.927
25.076
2.599
15.846
16.258
12.731
22.757
14.558
18.687
13.640
7.642
26.271
24.454
22.207
4.266
4.821
4.271
29.222
24.773
8.251
3.390
12.776
40.445
38.505
7.848
56.707
25.978
29.323
51.734
22.882
12.301
1.918
24.973
12.521
14.878
8.192
32.060
10.615
9.958
24.238
10.112
7.795
24.527
21.745
12.719
6.709
70.504
88.232
249.114
173.905
119.432
53.733
176.375
87.995
49.665
39.221
13.170
35.975
22.684
27.031
13.799
320.058
105.668
16.397
8.744
8.711
14.217
8.639
22.614
49.942
23.921
7.482
15.561
39.773
15.527
46.615
67.659
63.515
14.803
12.568
24.938
33.734
61.232
35.134
31.742
40.700
47.074
12.930
7.919
2.109
3.564
1.435
18.651
11.241
7.098
10.280
13.544
12.483
14.626
218.528
257.053
190.178
133.733
206.031
213.330
115.598
63.005
4.895
6.776
4.441
11.843
5.671
3.521
3.296
7.467
4.716
2.852
5.012
3.943
3.218
2.664
1.403
5.508
7.730
1.447
2.931
2.501
3.937
8.654
1.962
1.437
1.790
5.293
3.796
5.847
11.328
7.209
6.571
4.661