35.169
24.414
39.011
26.617
17.732
43.861
29.011
27.769
36.056
40.725
34.370
26.182
5.567
6.262
29.587
26.704
33.353
50.843
63.116
96.940
37.214
50.757
58.450
40.131
13.983
42.694
68.822
115.705
15.692
22.552
47.735
45.038
66.116
54.823
41.239
28.006
60.325
15.490
22.154
51.595
41.911
54.071
94.989
41.627
66.528
32.343
28.770
10.412
56.654
90.425
40.159
60.092
65.593
54.713
23.753
35.039
73.637
75.362
60.767
53.077
34.279
65.828
77.524
68.252
63.966
79.407
86.037
41.929
58.855
97.910
41.847
184.848
88.422
98.924
84.548
40.404
52.178
75.927
111.811
96.307
115.042
143.090
118.311
45.369
22.945
33.848
7.349
36.535
13.927
18.733
16.349
8.528
7.375
9.241
59.390
1122.661
1068.366
967.624
867.177
767.402
666.812
592.907
492.551
392.363
291.967
190.337
136.777
1725.439
1642.034
1648.881
1548.703
1501.093
1399.523
1298.679
1194.225
1092.721
990.330
890.017
789.852
687.648
1030.831
925.118
823.628
723.329
639.536
862.161
760.907
659.889
695.792
594.058
488.985
412.569
309.793
309.632
235.353
135.489
98.071
110.460
113.925
196.354
145.556
132.782
58.448
31.218
7.405
65.969
49.402
41.297
19.952
14.075
50.071
22.623
10.918
9.750
35.529
5.540
7.179
298.835
235.443
46.120
19.524
43.251
115.562
40.687
34.228
37.394
60.116
163.932
88.610
50.254
35.959
2.850
113.782
26.145
11.684
19.400
30.757
7.902
19.075
16.970
32.052
1.762
7.270
42.450
3.861
17.999
32.975
12.512
154.951
66.628
452.154
399.331
412.919
493.172
390.042
433.157
341.904
249.495
455.885
355.228
413.472
323.211
218.138
279.187
363.267
411.175
334.974
234.898
399.268
300.614
536.199
628.543
528.546
600.053
495.619
566.474
607.691
505.374
686.946
595.061
630.789
527.000
442.407
341.656
254.291
163.274
59.757
48.099
29.148
19.561
7.279
12.894
58.255
54.460
32.118
34.368
10.760
62.319
35.561
61.713
49.707
44.189
26.455
46.659
83.976
37.202
60.996
17.768
10.790
54.320
45.074
21.575
38.071
11.763
32.150
163.295
107.951
58.052
48.723
103.950
57.173
1.894
26.686
13.943
35.710
54.225
49.565
70.857
22.269
68.338
42.430
15.465
50.934
39.298
55.274
31.392
84.559
82.697
66.152
45.761
50.778
20.432
43.066
24.698
41.507
22.167
38.726
64.085
26.954
11.240
104.742
25.466
31.022
140.344
43.652
74.266
69.449
55.146
27.821
20.245
7.182
189.361
117.791
75.315
40.767
10.257
13.864
60.192
3.270
26.136
44.522
25.641
55.502
40.088
13.445
78.483
44.195
20.658
26.510
12.918
56.670
46.012
18.663
44.553
85.755
75.387
51.631
38.261
41.819
47.698
8.591
23.082
23.026
20.214
47.352
60.609
83.905
51.247
28.266
6.600
9.180
9.387
6.528
6.778
16.118
26.235
18.335
22.697
23.759
38.622
10.779
84.421
35.748
59.198
23.542
38.692
19.592
4.463
11.525
31.709
34.237
16.169
15.490
28.290
23.474
34.460
27.772
9.333
14.959
29.042
30.887
58.003
44.074
44.927
51.172
57.051
31.668
44.525
58.978
48.980
8.738
51.345
639.393
165.813
85.027
30.733
54.490
99.596
71.895
99.438
49.081
28.842
13.723
17.062
107.103
25.390
12.424
30.193
73.060
20.081
7.226
49.395
37.490
7.300
26.673
60.711
11.523
46.404
36.026
5.517
45.978
45.989
32.739
14.983
12.018
24.432
43.788
11.590
23.712
7.381
5.419
12.279
14.159
23.733
18.082
2.943
5.107
10.346
10.869
36.700
50.702
134.723
138.043
44.153
15.436
53.326
61.048
30.001
30.372
30.321
15.633
9.446
20.518
31.198
30.055
12.386
19.683
34.977
14.126
25.843
27.933
11.041
18.686
52.070
10.076
73.377
33.610
141.735
90.607
48.694
29.547
18.283
7.531
98.642
47.547
12.824
53.590
74.252
35.095
56.102
11.004
7.640
23.948
57.812
11.668
96.063
128.051
60.599
14.329
32.078
82.757
7.652
9.154
20.103
17.411
12.030
29.576
20.223
10.199
23.129
13.065
30.291
63.460
18.736
19.253
12.909
46.030
7.827
25.126
20.521
18.647
16.973
35.924
40.887
42.794
36.219
40.253
96.989
91.694
62.485
51.672
3.266
31.092
30.092
24.641
18.110
35.696
15.317
32.595
60.119
12.100
64.197
83.492
66.259
40.597
73.412
58.894
49.978
24.359
44.238
53.754
50.626
45.579
19.362
22.360
12.794
23.641
10.897
48.645
55.836
37.215
62.249
59.564
87.066
102.488
27.632
23.440
8.235
12.307
16.057
22.781
21.086
55.784
45.568
26.899
10.358
28.371
16.974
14.219
44.296
70.779
29.810
19.811
26.351
53.719
18.481
33.757
52.569
6.406
21.442
12.710
3.506
125.025
88.623
94.484
100.118
132.857
242.725
231.699
191.231
154.022
120.004
87.262
100.875
73.897
38.624
6.722
95.717
134.261
135.676
129.690
100.300
120.853
119.417
84.886
118.562
123.292
33.121
12.341
40.562
14.566
84.693
113.330
149.231
85.497
100.578
94.971
78.253
129.844
154.095
174.970
182.451
172.146
119.964
127.212
84.253
131.236
145.207
136.210
112.348
91.827
69.740
7.026
28.050
21.771
16.066
13.552
20.539
83.310
36.344
53.646
77.412
68.783
28.882
75.853
41.507
54.049
61.097
96.898
99.675
142.686
112.244
69.395
70.772
78.591
237.174
147.635
77.618
118.950
74.450
20.178
78.165
167.280
148.694
135.647
100.056
360.420
321.145
215.955
110.961
180.922
85.662
96.735
93.725
70.760
25.921
8.380
41.739
13.274
38.100
54.636
119.310
50.480
54.892
135.650
130.439
97.709
72.274
24.467
28.634
2.231
7.994
30.640
44.410
38.136
34.868
10.370
25.162
23.621
30.481
19.649
13.811
55.600
16.624
51.905
224.473
139.011
122.029
73.030
195.525
133.974
54.184
7.475
8.963
18.627
53.823
13.362
48.573
20.573
26.837
7.275
10.787
31.472
45.966
37.104
63.681
7.660
13.346
19.527
27.934
23.632
54.402
42.629
37.151
27.724
16.139
40.517
55.591
12.929
8.180
11.102
30.182
46.267
16.650
39.864
33.176
9.696
3.883
38.236
228.888
171.248
99.568
27.414
95.910
34.915
31.695
60.032
46.106
36.025
37.325
11.991
9.450
6.790
7.933
63.035
21.062
14.805
50.530
42.827
47.147
14.513
44.543
21.596
18.306
10.873
19.508
19.020
22.842
6.884
15.148
12.938
39.991
54.078
7.024
7.039
34.651
27.352
14.210
3.285
2.150
8.038
28.779
16.357
3.230
13.315
19.560
13.972
34.319
14.936
42.299
3.416
25.058
54.644
11.252
12.533
28.296
8.132
25.985
22.281
3.793
22.026
32.480
53.411
43.071
16.048
14.467
64.985
41.964
65.867
13.104
18.756
46.685
7.549
67.775
72.505
82.892
38.371
41.021
7.816
24.050
11.764
13.195
18.335
34.831
19.116
13.656
47.403
18.205
13.419
15.174
7.088
25.615
69.868
74.585
72.025
61.268
52.622
55.624
2.397
19.891
20.855
174.609
123.773
77.442
97.582
60.318
75.183
46.666
9.131
45.151
75.061
68.480
42.081
39.443
23.316
10.091
69.197
48.259
7.813
13.828
26.003
12.621
43.120
23.176
25.543
58.682
28.065
60.501
43.196
44.589
1.956
26.471
72.876
64.659
103.911
84.219
46.065
57.326
12.768
31.428
56.425
56.601
39.834
41.573
53.942
9.564
28.527
13.151
32.201
25.360
14.366
24.130
68.130
54.613
7.559
21.980
18.282
47.027
51.702
16.799
11.879
52.080
33.534
20.505
18.930
7.251
157.799
94.287
56.022
34.069
67.507
34.628
53.551
30.665
40.355
38.120
12.021
35.235
87.623
469.102
113.780
10.928
53.635
14.151
42.618
29.338
312.211
152.234
104.869
87.351
52.876
11.967
39.999
87.959
32.143
12.690
47.230
53.797
31.224
36.174
39.158
33.940
27.132
50.682
50.088
83.645
39.374
23.656
5.579
3.088
13.121
56.744
19.096
7.601
50.304
41.642
59.180
94.260
32.395
21.985
27.388
76.173
30.704
38.518
214.641
133.801