11.377
5.286
4.929
8.495
22.080
14.164
16.877
24.295
7.761
32.573
17.015
10.853
32.292
6.592
4.664
18.041
3.846
17.106
7.705
8.464
12.055
10.331
15.425
10.033
7.958
6.733
7.813
5.884
5.462
3.289
3.715
11.750
11.740
22.326
11.800
18.406
51.980
29.829
5.414
10.768
1.683
2.414
17.656
24.619
11.879
11.202
6.409
4.843
8.478
14.395
39.579
30.197
13.368
12.276
1.942
22.379
21.034
9.561
13.011
3.374
9.066
6.018
7.378
6.876
8.725
3.264
5.153
3.331
1.437
6.161
1.136
16.248
10.613
1.162
5.723
29.990
12.566
42.488
14.830
9.037
29.357
13.260
8.655
5.699
13.847
8.402
17.828
7.856
13.300
5.705
10.106
9.795
6.986
6.897
7.056
11.407
6.875
5.489
1.547
2.802
3.784
2.791
10.410
9.941
10.704
2.366
2.176
6.943
12.576
8.271
3.808
7.357
4.729
3.649
6.639
1.241
4.566
2.736
1.494
5.284
2.685
7.936
4.751
8.498
1.295
11.508
3.713
8.999
4.971
4.678
6.965
5.924
4.758
4.966
14.020
3.678
3.086
1.207
2.396
3.105
5.645
4.473
6.643
2.493
4.675
8.603
4.567
1.432
1.469
20.192
4.629
9.041
5.816
5.139
6.606
13.303
8.537
1.602
9.478
11.171
5.209
2.254
7.168
6.560
6.493
7.805
12.786
8.216
8.312
9.169
3.419
9.682
3.313
3.022
3.306
5.112
2.418
7.024
3.716
3.949
1.812
2.027
1.517
6.503
5.184
5.282
8.242
3.474
4.902
7.199
5.968
5.189
10.974
11.492
8.799
4.306
4.535
6.050
9.353
17.925
7.620
9.312
11.727
1.864
3.593
1.470
1.151
1.198
2.487
1.262
4.690
3.271
3.972
1.216
1.125
1.759
3.161
3.289
2.443
3.455
6.173
5.291
5.530
3.013
4.814
3.302
7.010
6.515
1.900
4.465
1.480
1.127
1.588
1.138
1.264
1.926
1.098
1.166
3.544
1.150
4.196
2.686
1.168
1.245
1.460
1.315
1.280
1.121
3.338
3.431
4.279
4.162
1.503
1.165
1.193
1.129
1.097
1.143
1.125
1.158
1.100
1.471
1.164
1.180
4.110
3.252
3.479
5.714
1.999
1.089
1.154
3.757
1.129
1.100
1.100
1.407
1.131
1.120
1.211
1.111
1.613
10.040
1.426
3.404
9.436
1.145
4.522
5.949
3.363
1.571
2.539
1.413
4.135
9.149
1.142
1.075
3.564
3.581
1.111
1.153
1.143
3.085
3.620
4.397
5.267
5.142
2.329
5.635
3.733
1.160
1.163
4.390
1.097
1.094
1.961
3.840
1.473
2.773
4.594
4.055
1.083
1.108
1.148
1.092
1.145
1.128
1.070
1.103
1.096
1.063
1.097
1.093
1.081
1.326
1.098
1.090
1.080
1.864
1.201
1.118
1.102
1.150
1.076
1.201
1.071
1.081
1.090
1.097
1.108
1.859
1.075
1.167
1.127
1.133
1.154
1.150
1.094
1.161
1.278
1.136
3.978
1.340
5.512
1.219
1.092
1.125
18.258
1.159
1.119
4.653
1.080
1.180
1.561
1.347
1.212
1.135
1.332
1.855
1.334
1.911
1.087
1.099
1.310
1.286
1.021
2.124
1.103
1.097
1.115
1.883
2.204
1.198
4.062
1.338
2.460
1.366
1.180
2.575
2.813
3.535
2.838
1.176
1.446
1.222
1.216
1.190
1.191
4.806
3.552
1.314
1.609
3.002
2.969
1.855
2.943
2.831
3.107
4.706
3.471
2.387
5.809
5.512
1.367
6.571
4.143
10.902
2.301
1.341
3.521
2.496
2.734
4.663
1.447
3.333
2.725
6.405
1.599
1.317
1.420
2.319
3.731
1.466
1.135
1.358
4.055
2.352
1.217
1.504
8.588
2.655
5.057
1.266
1.177
2.010
1.168
1.301
1.274
1.939
4.142
7.835
4.887
1.114
1.190
2.376
2.227
3.042
2.102
1.102
1.116
1.599
1.111
1.172
1.142
1.126
1.133
2.877
1.197
1.171
1.104
1.133
4.382
1.133
1.159
1.091
1.146
1.967
2.363
1.946
2.540
1.426
1.674
3.180
2.597
1.291
1.146
1.232
3.424
1.980
1.199
1.208
1.071
2.670
2.807
1.494
5.322
16.123
21.033
32.263
2.968
28.867
37.917
35.855
83.230
24.971
16.928
7.513
19.730
8.836
10.593
15.711
36.670
41.993
20.674
29.757
28.656
46.810
58.022
28.299
10.143
6.386
40.229
11.661
32.237
9.868
12.924
5.263
1.103
1.475
6.995
6.072
2.510
8.385
4.050
1.432
6.381
16.455
32.201
7.672
1.556
5.482
5.799
23.552
3.208
6.491
3.798
12.719
1.592
1.341
3.877
7.360
1.295
7.679
6.916
15.185
45.433
2.386
1.657
4.365
9.957
12.440
13.136
13.685
5.893
13.082
13.653
5.081
3.221
3.391
1.423
1.116
1.143
3.832
1.697
3.642
1.291
1.841
1.082
2.634
3.336
1.116
1.893
1.122
1.212
4.377
4.611
2.952
1.337
1.221
2.115
3.668
1.112
1.839
1.209
1.128
1.190
1.129
1.348
1.138
1.405
1.097
1.107
1.163
1.609
1.096
11.530
4.563
6.325
6.213
1.530
12.255
11.338
5.720
19.222
4.802
17.684
7.003
14.569
8.186
7.759
7.929
12.522
29.192
15.952
24.226
5.816
2.461
10.600
10.559
18.876
10.033
5.516
3.248
1.669
4.506
8.399
10.976
7.112
5.382
9.909
13.318
7.319
10.632
12.411
4.819
8.632
1.834
3.776
2.517
1.111
1.593
2.403
3.472
3.327
1.115
1.177
1.198
1.262
1.122
1.984
6.428
3.940
2.444
1.619
2.837
1.166
3.372
1.578
1.183
1.196
4.424
9.925
10.616
5.198
6.152
1.126
1.813
1.153
1.167
1.266
1.167
1.131
4.020
1.403
1.126
7.350
1.184
1.104
2.294
1.076
1.543
3.623
23.289
2.217
1.254
3.872
2.158
8.021
2.877
7.011
12.143
7.229
4.651
7.997
4.628
11.378
20.003
3.103
11.036
28.287
6.588
7.150
2.569
12.193
21.633
17.900
17.300
11.104
46.709
25.631
16.969
2.551
18.529
40.714
55.816
34.388
2.912
14.246
12.126
13.043
28.244
13.501
19.418
6.330
28.895
52.406
7.732
6.838
11.590
10.167
9.008
3.233
1.630
8.907
11.406
10.549
1.661
1.230
1.225
3.793
4.844
5.411
4.405
2.082
3.764
4.019
3.575
5.345
3.203
5.751
2.129
2.156
3.402
5.642
1.248
8.488
1.317
1.149
2.116
8.166
6.930
5.757
12.174
12.227
4.178
1.641
1.167
1.811
3.612
3.629
4.266
4.219
1.166
1.294
2.218
4.886
3.041
2.556
2.044
1.444
3.496
6.253
6.266
1.117
1.168
2.820
2.851
1.093
3.720
2.343
3.978
1.098
1.174
5.795
5.765
6.161
5.859
2.032
1.925
8.119
1.189
1.092
1.488
1.213
23.011
3.090
3.095
5.337
1.414
7.781
4.985
3.300
4.812
1.386
31.628
3.562
4.435
5.286
7.288
1.631
3.124
1.132
1.111
16.178
1.130
1.112
1.285
1.570
2.341
5.119
4.819
3.094
1.746
1.482
1.928
7.632
6.269
6.895
6.035
7.444
6.690
7.365
2.133
4.681
2.128
10.494
22.859
12.344
5.174
1.153
1.517
1.344
1.995
1.171
1.546
1.172
1.112
1.112
1.123
1.170
5.807
3.319
1.093
1.180
1.898
4.953
3.450
3.907
3.539
4.950
1.127
2.072
1.825
1.118
1.196
1.938
1.180
3.391
1.735
1.234
1.410
4.110
4.354
3.558
4.488
4.524
1.398
1.755
1.116
1.174
1.291
1.105
1.342
1.836
1.168
1.280
1.165
1.135
1.112
1.545
1.191
1.750
2.891
2.040
1.681
2.050
2.781
1.768
1.251
1.616
1.111
1.108
1.154
1.132
1.135
1.404
1.124
1.126
1.119
1.115
2.128
1.234
2.997
1.672
3.817
4.872
4.022
4.445
7.226
1.237
4.224
1.390
1.049
1.186
3.991
1.120
1.110
1.875
5.324
1.133
1.064
1.112
1.103
1.193
1.115
1.134
4.030
1.118
1.100
1.844
2.064
8.038
2.879
4.385
2.960
4.990
3.839
2.027
2.244
1.556
1.106
5.008
1.424
1.098
1.096
1.368
1.308
3.707
1.153
1.128
1.160
1.137
4.137
4.389
1.139
1.129
1.345
1.177
1.116
1.100
1.138