89.722
227.455
148.128
56.953
75.684
106.198
37.032
7.467
5.778
24.373
16.479
13.020
14.990
2.440
1.651
3.481
6.622
3.870
5.368
3.177
1.156
1.663
2.303
6.341
7.064
5.739
3.339
3.906
2.902
3.963
10.587
2.903
10.484
5.204
17.154
12.104
20.226
7.465
11.134
33.465
11.859
46.627
11.403
5.799
13.220
51.484
173.614
104.319
56.724
57.088
124.909
43.110
19.125
16.364
12.674
12.107
28.683
16.088
18.247
9.546
21.976
46.239
35.373
9.735
2.133
12.046
30.952
8.811
15.014
17.303
20.522
12.047
2.966
20.345
10.423
22.378
12.093
15.654
14.312
4.227
22.345
7.236
3.626
15.726
16.463
11.821
19.732
25.471
13.354
9.236
49.190
17.430
5.459
14.628
9.081
23.735
28.092
24.030
7.114
3.623
12.712
7.917
7.487
7.709
8.580
1.887
6.953
4.267
5.629
13.893
18.380
1.938
9.994
11.476
16.183
40.870
6.115
8.799
49.592
24.107
29.763
8.242
2.877
24.869
14.583
7.680
4.206
17.550
26.595
13.378
2.286
6.566
7.321
3.994
3.603
14.462
2.109
5.162
1.416
3.133
5.035
8.753
1.220
8.276
9.183
1.398
6.720
7.230
4.768
7.659
14.993
1.140
1.726
5.488
7.393
9.490
6.732
11.757
6.931
39.600
14.638
26.240
12.641
16.797
1.313
26.194
4.761
6.011
17.535
9.098
7.778
2.355
19.105
40.436
36.050
37.864
1.787
13.482
7.437
36.149
15.326
30.429
3.559
35.354
20.185
4.017
12.815
15.113
11.468
17.724
18.181
7.026
13.658
7.908
20.559
2.111
2.765
7.417
17.624
29.241
17.279
3.313
10.074
19.370
3.675
13.476
10.167
11.461
10.259
26.535
8.248
9.381
18.317
27.446
4.296
31.063
24.601
1.797
17.382
41.515
28.072
8.282
9.730
4.249
20.663
47.933
7.257
31.401
11.630
15.105
27.756
9.076
30.966
9.394
15.647
11.992
14.302
28.502
25.314
7.270
12.267
7.683
8.986
12.967
10.677
6.415
1.912
1.495
32.761
5.800
4.275
600.572
348.704
38.333
7.806
25.395
8.581
9.466
5.662
29.245
6.828
14.919
29.662
4.523
26.126
12.881
34.237
37.516
40.323
18.195
13.932
6.940
9.785
2.605
2.197
3.737
28.908
9.372
4.991
11.216
4.799
11.587
5.474
11.956
20.338
14.814
26.639
10.481
18.515
1.896
10.677
23.036
19.085
12.231
8.182
22.935
94.783
222.462
134.401
58.745
41.589
135.071
46.515
22.699
7.668
19.753
44.136
12.539
6.881
14.314
35.622
19.453
5.523
3.391
1.692
2.617
2.299
2.219
13.355
8.145
2.063
1.837
3.909
1.088
1.129
6.055
4.711
4.587
6.997
21.681
15.377
12.375
16.135
6.732
8.356
2.905
2.771
1.400
7.125
12.393
2.193
37.745
185.195
108.894
29.007
8.082
87.869
18.078
1.849
19.950
5.178
19.748
34.225
8.579
16.002
9.808
7.567
6.209
8.037
14.105
12.748
4.328
11.025
9.833
15.773
13.345
7.238
23.624
36.184
26.212
9.609
22.133
44.477
36.209
3.690
38.829
38.577
46.237
25.015
2.420
15.026
24.202
3.184
12.312
7.582
12.174
23.790
17.247
30.477
4.566
9.228
6.710
17.177
18.853
13.579
8.277
8.806
2.334
2.381
5.257
7.816
10.431
1.853
15.216
1.156
1.130
1.201
7.293
2.913
2.210
3.887
11.311
12.480
13.134
22.832
7.239
9.380
34.949
13.629
12.999
8.970
5.100
17.129
1.723
7.384
15.563
12.201
25.547
22.832
12.106
12.379
15.507
4.860
17.409
29.936
25.687
34.766
32.101
23.142
14.482
20.175
20.407
6.880
14.557
3.751
10.295
1.611
12.267
7.956
10.792
9.567
7.393
40.640
14.099
31.555
10.330
23.438
8.142
11.094
19.212
4.121
35.960
14.784
13.016
6.050
4.288
4.549
4.483
15.786
6.455
33.830
39.739
7.173
27.179
6.460
26.246
34.873
16.437
23.041
12.428
10.513
15.894
29.288
6.937
15.746
29.674
6.687
29.689
18.395
3.119
26.817
13.245
3.101
16.844
12.596
11.986
1.964
15.876
11.166
13.941
10.990
15.778
8.684
34.753
9.859
18.924
15.388
24.239
22.283
8.137
3.704
3.777
16.753
6.840
12.465
11.419
39.695
16.919
15.534
3.307
7.235
10.268
17.572
7.665
11.482
7.769
3.623
12.832
4.031
8.046
15.140
6.867
7.410
3.302
6.538
1.732
6.493
2.871
46.472
15.566
7.008
9.461
19.692
5.366
9.507
14.123
7.425
17.747
26.407
26.818
5.387
8.984
11.072
9.377
1.469
7.794
1.363
5.775
6.103
12.458
9.692
1.963
6.964
9.034
2.735
12.445
33.671
34.944
8.399
28.321
17.920
12.378
7.029
12.182
17.197
30.551
12.006
7.560
18.386
25.188
11.835
9.251
7.402
7.863
4.435
3.124
6.234
7.372
3.411
1.644
1.639
1.754
4.038
1.365
1.749
3.324
12.681
9.246
13.723
7.797
11.591
13.016
7.101
12.142
12.037
21.456
13.345
7.158
12.926
13.633
13.726
6.931
13.238
15.116
9.292
7.544
9.181
2.782
1.866
3.872
4.672
3.368
9.777
6.029
6.102
5.358
1.261
13.408
7.537
12.727
19.478
7.212
13.808
48.721
19.173
6.954
8.255
13.341
18.517
6.826
7.088
13.425
12.695
19.901
13.813
18.938
26.464
17.462
6.509
25.308
20.486
11.843
8.480
13.539
25.024
7.069
6.991
12.427
3.991
30.749
8.513
7.401
22.148
2.260
15.955
20.081
7.159
6.029
11.646
3.278
7.185
7.314
32.914
32.477
8.670
13.126
30.729
6.322
26.184
13.993
7.420
29.779
26.212
22.112
20.317
32.269
14.804
1.709
5.449
7.669
12.375
23.791
6.218
14.189
22.069
24.338
27.344
1.591
17.465
14.247
29.454
21.420
6.557
8.609
22.036
13.165
7.366
32.574
46.377
1.335
7.136
18.195
22.312
29.948
9.433
12.007
18.912
1.443
7.588
7.610
24.940
7.409
17.048
28.888
7.125
7.737
5.339
12.052
23.918
12.442
6.825
1.276
7.388
14.283
7.289
22.101
45.874
4.054
34.695
11.536
19.059
3.919
13.452
31.752
10.808
12.467
13.909
12.675
18.969
31.554
1.510
32.148
9.338
3.489
2.339
12.294
6.744
8.029
24.916
12.855
7.650
36.558
4.614
1.542
10.650
32.724
6.864
10.760
26.365
19.640
20.544
1.799
6.977
18.919
18.270
22.202
7.543
7.266
12.596
5.965
7.305
13.697
26.775
8.724
27.844
7.123
50.117
31.721
13.611
11.652
19.059
15.497
11.102
1.946
27.590
6.382
7.967
2.432
48.655
21.163
8.071
9.710
12.561
9.453
7.593
14.757
29.561
13.171
21.080
7.356
29.985
30.130
6.766
2.162
8.056
8.161
12.247
46.477
29.160
29.338
16.310
2.618
22.971
25.237
25.065
7.348
1.629
25.411
7.329
18.524
7.266
3.219
29.291
21.304
14.243
18.863
8.673
14.694
7.338
14.815
2.602
25.468
15.517
12.525
18.855
6.939
29.789
12.968
4.786
7.113
6.895
29.467
3.898
6.644
12.093
1.673
1.822
2.098
3.681
1.654
3.722
14.249
8.703
1.901
1.594
1.697
2.016
6.087
1.642
8.964
8.394
20.133
12.964
9.887
9.461
12.715
3.771
2.532
19.554
7.489
1.781
1.524
1.663
3.062
8.104
7.020
2.434
18.721
14.071
23.132
13.812
1.391
6.505
4.843
12.286
20.256
19.644
7.146
12.409
16.636
21.106
13.305
14.047
12.390
12.575
12.925
19.624
12.194
8.586
15.560
13.374
14.097
15.098
41.596
8.845
12.400
6.932
11.063
5.948
12.515
14.318
7.297
27.570
27.080
23.237
31.150
26.318
11.100
11.770
16.775
2.060
15.009
15.643
12.021
18.788
38.075
14.629
10.076
11.630
32.940
10.528
8.038
24.347
2.903
13.941
3.055
23.427
7.682
12.679
7.448
16.991
2.212
11.409
1.996
22.339
18.117
22.380
49.332
27.818
23.307
8.130
12.959
10.294
22.633
9.040
14.906
9.906
8.488
6.728
9.292
8.591
7.534
1.810
1.635
8.961
7.146
3.384
9.399
6.766
4.396
4.680
4.885
8.945
7.100
1.327
2.080
2.367
1.985
3.532