1.127
1.158
2.603
1.154
1.357
2.830
1.121
1.246
1.236
5.986
23.875
1.324
3.293
1.124
3.790
7.601
2.563
1.384
5.685
5.052
1.858
1.738
3.791
1.548
7.135
1.341
15.381
7.070
2.149
4.886
3.001
7.660
1.790
1.811
2.427
1.796
2.710
2.965
6.316
3.046
10.028
4.867
2.020
7.061
3.686
1.500
17.427
6.584
4.724
2.080
14.303
7.846
3.477
3.542
4.379
6.150
6.837
7.188
9.559
3.252
6.519
12.070
7.815
1.178
20.478
1.524
9.924
4.267
9.051
1.223
4.676
4.933
14.081
8.057
2.580
3.370
1.473
3.843
2.835
1.257
10.989
7.125
8.772
2.240
1.086
1.487
2.433
11.166
5.123
5.073
1.758
1.379
2.958
9.898
21.237
2.535
5.466
5.152
4.704
2.827
10.976
2.170
8.745
21.967
36.927
12.683
12.186
22.499
29.523
24.627
34.246
7.469
3.439
7.430
13.393
12.262
13.597
7.399
11.647
8.824
16.087
18.533
12.794
19.733
32.110
16.433
9.715
13.800
23.395
46.799
67.909
49.064
48.939
59.228
26.252
29.859
21.750
6.625
13.558
36.962
12.643
18.334
12.736
16.882
45.048
22.322
9.378
20.227
6.082
19.346
11.588
16.323
2.858
6.543
1.179
8.130
3.640
9.868
15.033
6.020
20.806
18.528
14.581
4.886
9.717
7.188
14.969
14.266
68.230
2.016
5.165
11.016
8.848
13.828
18.499
5.499
3.134
19.314
9.489
8.344
54.399
21.865
9.708
10.643
29.622
19.597
20.096
3.952
23.679
16.696
18.761
7.720
11.334
5.823
12.597
45.182
5.623
29.277
57.348
18.193
8.619
14.620
27.864
11.892
53.712
19.837
14.372
12.232
14.247
10.383
10.698
15.686
17.127
1.277
12.818
29.125
21.215
21.864
64.134
31.869
27.818
15.686
22.549
2.270
29.729
21.604
9.129
10.530
32.138
29.089
36.678
7.371
23.242
12.919
8.565
6.384
14.838
28.033
28.354
7.710
17.406
38.438
23.388
12.009
13.335
11.126
7.497
15.838
1.175
10.404
17.757
44.457
12.189
6.900
11.951
18.743
40.725
9.534
48.078
6.978
11.840
27.103
52.467
17.322
30.707
81.348
30.656
6.047
20.028
27.789
27.497
9.520
47.743
45.124
18.181
12.718
30.272
9.583
9.711
26.387
5.328
12.719
52.785
11.140
51.014
14.217
7.739
21.397
31.376
8.166
9.424
8.043
7.570
1.868
13.430
57.545
14.727
30.510
76.901
26.037
23.259
4.567
29.330
15.484
14.904
21.480
12.219
47.695
45.574
11.383
6.946
27.369
6.796
9.461
11.093
48.052
65.226
60.266
35.927
3.829
18.591
1.698
12.576
32.902
10.310
13.561
21.592
15.741
1.823
28.757
5.199
7.468
7.796
9.417
9.542
6.190
3.025
7.336
23.524
11.989
16.888
19.158
29.518
57.779
16.376
16.523
17.651
34.597
3.160
12.902
12.037
6.929
19.588
46.575
17.662
53.469
12.753
21.247
16.010
9.616
13.976
13.900
49.582
37.075
22.129
26.925
72.540
94.592
30.482
63.567
13.982
17.298
32.299
74.623
69.985
6.539
35.624
142.444
18.727
12.130
13.625
12.324
12.441
9.070
13.077
30.678
17.309
27.566
66.898
13.292
59.311
31.655
22.616
2.755
5.509
23.352
20.101
16.557
10.258
22.416
10.487
31.975
9.091
17.946
18.646
34.970
8.589
7.780
24.004
57.049
16.583
23.802
9.119
7.184
3.617
11.386
33.928
6.935
11.554
10.703
15.853
39.373
14.008
25.242
3.198
26.227
14.936
30.610
10.324
22.022
17.303
17.649
3.411
11.709
5.567
22.034
31.046
30.631
13.718
3.798
7.459
34.090
33.922
44.175
11.800
3.211
17.735
55.275
2.073
14.666
11.180
4.559
15.500
15.337
10.040
18.907
28.214
71.944
37.883
13.087
9.708
7.662
29.251
45.113
34.916
29.029
8.053
33.809
51.476
24.461
13.989
1.522
17.523
28.601
1.499
10.659
4.757
8.043
14.507
14.982
7.059
73.894
25.942
18.607
17.666
7.116
7.836
57.803
2.991
21.208
31.298
17.575
6.848
63.518
290.880
27.742
32.144
13.138
25.883
21.530
42.140
37.496
87.223
48.485
16.773
24.656
31.884
32.478
84.540
40.711
100.825
24.003
26.085
19.911
9.567
46.551
90.160
15.288
11.490
22.546
70.215
89.621
106.796
108.660
36.563
69.404
22.733
22.025
87.966
74.274
93.788
60.008
74.828
50.797
7.883
5.152
9.367
35.424
216.665
16.969
37.234
12.146
12.148
8.442
15.520
13.028
14.759
42.949
2.590
19.953
34.567
43.106
58.837
22.425
25.514
2.135
2.213
1.120
6.815
26.548
7.222
12.004
18.075
25.119
12.217
20.877
14.438
13.027
21.081
30.940
2.181
18.468
10.815
10.814
18.326
44.059
10.716
53.876
7.009
7.912
30.598
30.045
1.916
5.617
38.659
68.054
14.270
4.269
15.502
10.865
5.681
23.647
12.077
21.438
34.826
52.208
2.345
9.602
44.241
21.707
18.125
7.845
39.964
29.349
14.834
3.189
11.772
6.760
25.388
9.814
10.219
7.554
47.618
12.849
1.694
1.639
4.856
1.370
2.613
1.183
3.235
1.185
3.333
1.154
1.741
1.373
2.389
1.082
5.273
1.754
1.611
7.719
15.194
6.527
16.535
2.007
5.574
11.397
3.628
3.228
5.361
7.867
13.808
77.686
63.820
77.304
26.455
16.573
15.404
25.755
30.778
33.095
9.947
9.342
4.430
7.421
19.524
73.835
2.726
4.315
12.954
6.580
49.208
18.007
11.084
9.693
23.727
21.322
12.455
10.940
21.772
22.244
2.656
1.106
4.665
24.144
28.827
8.441
9.151
20.284
9.775
22.985
7.392
7.304
16.432
16.217
10.026
23.355
1.418
16.298
12.270
23.812
23.491
23.396
8.995
5.024
41.383
7.972
18.235
1.662
20.030
11.449
4.510
1.489
8.597
12.062
10.754
9.700
11.092
3.517
7.383
8.265
12.950
14.511
3.965
27.119
10.639
10.114
11.587
29.345
26.239
31.703
3.423
17.196
39.449
7.020
13.301
39.568
22.487
15.230
18.879
36.780
32.105
2.472
27.794
11.907
16.792
26.623
28.703
31.799
8.410
49.917
23.780
32.578
28.511
17.754
34.763
1.817
15.673
28.412
50.619
57.148
35.290
9.766
47.591
39.250
39.532
29.293
6.738
8.219
33.373
15.398
11.081
7.112
33.225
23.515
9.802
1.328
18.765
12.940
7.648
15.526
17.555
7.251
3.219
12.969
5.892
13.042
8.902
7.319
4.509
21.603
30.187
5.093
5.567
2.523
13.620
13.300
12.836
8.196
8.239
10.445
5.941
41.170
20.683
10.209
12.216
16.757
9.422
55.682
37.268
10.397
22.220
27.793
35.141
4.656
11.826
36.971
12.164
25.097
21.385
18.063
2.984
9.277
15.629
5.718
3.181
36.143
51.629
21.875
9.305
9.682
39.645
6.646
3.229
3.665
8.668
14.250
2.966
5.803
7.110
4.023
20.957
25.462
11.516
8.387
20.568
30.658
164.862
10.872
11.679
12.308
2.309
36.044
56.391
12.569
12.879
4.275
2.277
6.274
13.381
24.870
19.409
3.132
8.692
7.520
1.282
13.127
28.939
18.727
7.783
7.348
22.823
22.153
14.603
8.488
11.122
25.918
8.312
15.619
22.321
17.284
19.198
14.785
30.556
14.307
8.387
66.495
13.550
2.087
4.131
29.635
33.142
14.768
90.398
39.215
13.300
29.938
86.098
22.281
37.764
14.046
19.356
33.427
21.464
73.971
3.590
9.773
9.537
60.335
7.079
13.953
22.420
57.803
10.165
5.305
33.061
2.376
8.583
33.357
1.905
4.786
7.106
35.208
27.753
7.999
8.742
21.565
4.896
2.843
10.688
70.046
11.481
13.007
12.065
7.715
5.044
13.722
15.485
23.980
23.662
2.987
3.497
1.759
9.353
9.837
3.408
23.680
25.135
1.788
4.826
11.459
38.570
21.198
10.316
13.045
11.379
34.883
2.690
1.110
18.420
4.069
29.148
3.850
10.707
13.787
10.334
17.991
12.854
14.955
19.428
20.079
11.048
3.080
10.357
14.319
33.227
22.173
19.893
9.717
11.412
7.584
2.075
16.977
8.658
25.760
38.376
18.824
16.029
18.571
20.537
15.069
5.608
14.312
13.806
2.982
11.538
5.375
1.294
1.605
1.280
2.511
5.449
1.093
2.431
5.273
7.851