1.109
2.770
1.240
1.205
2.683
1.125
1.286
3.379
1.546
5.242
3.415
2.461
1.865
8.664
3.348
3.795
3.033
5.429
1.355
1.602
1.133
4.564
5.975
8.295
1.356
2.039
4.339
2.904
2.474
12.436
2.778
39.289
1.438
1.282
4.572
2.559
7.894
2.125
6.708
2.501
2.111
2.515
6.794
3.063
3.723
6.395
4.647
2.975
5.533
11.088
3.395
10.989
4.090
1.826
3.040
3.909
10.986
7.568
6.447
7.206
4.453
11.362
10.156
11.814
1.108
3.226
2.829
3.989
2.015
1.123
7.248
8.139
7.401
4.337
15.304
25.240
2.225
9.806
1.554
2.271
6.643
7.251
3.805
1.573
5.951
1.548
5.725
2.061
4.878
3.181
7.246
3.443
7.203
31.563
5.427
2.009
4.060
1.521
2.160
6.723
13.949
10.608
9.198
1.919
24.908
15.739
23.935
11.639
7.830
7.028
21.569
7.108
23.243
8.482
27.552
12.473
12.588
7.621
39.246
12.651
7.251
11.467
18.689
31.598
18.042
27.784
12.080
60.591
37.107
18.723
2.977
13.453
44.627
16.262
7.670
27.071
16.287
11.890
23.086
17.886
15.342
16.319
18.601
37.672
14.152
6.963
16.357
11.088
14.325
42.274
46.402
3.003
4.287
1.388
2.834
17.867
13.508
7.351
11.499
33.256
6.387
22.720
11.159
7.125
19.669
12.845
16.540
10.463
5.365
3.429
10.991
1.941
9.512
1.635
2.811
53.773
18.040
24.636
8.778
6.080
12.356
10.770
39.771
4.898
8.778
27.053
15.859
9.641
18.309
40.352
12.955
29.600
4.161
10.733
11.308
19.253
14.144
33.214
8.860
16.435
20.828
32.904
57.013
7.133
19.168
29.631
38.227
4.585
31.830
12.018
6.214
39.483
9.994
9.386
20.415
18.655
8.818
13.021
28.572
6.397
3.013
19.566
51.761
8.857
11.887
19.751
13.367
14.438
15.447
13.993
18.711
13.405
23.354
39.469
10.610
14.451
30.876
12.425
13.442
12.956
51.384
14.469
21.146
46.411
36.549
8.877
17.223
10.427
35.657
14.895
10.463
9.820
26.417
3.704
27.525
8.648
2.452
7.132
9.476
17.748
21.343
32.876
29.721
25.974
57.101
24.227
49.115
19.099
7.432
9.465
12.941
1.812
65.202
8.381
12.298
16.630
4.853
18.806
15.182
15.864
9.238
8.209
9.886
3.188
23.952
18.781
36.631
30.536
19.337
7.583
6.389
4.245
7.861
8.614
6.043
43.596
17.212
18.555
30.121
29.630
15.767
5.451
19.067
12.517
13.315
7.937
18.953
9.656
12.002
9.166
5.799
8.190
18.262
11.086
16.252
21.294
12.856
55.527
15.833
7.943
6.852
1.860
4.711
60.310
30.306
6.922
15.657
8.767
4.585
7.988
1.876
37.838
4.487
10.023
8.838
31.083
7.080
19.462
62.951
15.338
22.335
1.891
30.131
47.629
47.657
18.781
13.148
48.282
20.957
12.595
15.215
22.239
12.634
15.759
40.615
25.401
23.341
32.496
1.706
30.233
24.784
25.133
6.515
57.422
112.133
31.443
7.303
19.001
25.650
38.504
69.715
42.988
28.750
18.076
22.187
88.353
55.858
4.932
10.048
11.228
14.346
36.418
6.049
18.030
11.871
35.836
3.336
68.109
21.915
28.149
74.428
61.899
11.009
41.417
19.625
25.760
28.089
28.930
32.804
27.337
7.863
15.658
8.609
3.195
2.181
8.732
26.560
30.691
42.289
40.151
51.417
9.647
26.304
18.198
1.154
40.485
42.359
21.514
6.802
8.452
21.781
7.138
9.032
5.212
27.194
16.106
15.787
10.656
12.311
32.275
36.513
7.326
3.111
15.233
6.809
68.997
27.024
14.611
19.483
8.895
65.112
54.696
7.045
12.960
47.553
8.518
25.515
34.632
27.738
6.584
33.260
35.730
14.019
21.635
48.304
46.148
73.090
15.815
33.660
30.998
42.870
59.742
13.976
23.611
19.418
3.884
14.972
50.222
10.461
43.229
52.973
22.206
12.710
6.747
7.496
46.347
56.991
6.947
35.255
13.953
40.281
24.667
13.858
27.739
11.403
15.190
50.677
13.870
44.484
4.270
7.876
10.292
11.667
104.377
26.974
41.393
65.336
21.172
26.478
19.438
5.848
60.079
38.680
100.557
23.113
100.971
26.166
63.975
31.536
18.732
8.416
30.050
21.044
8.950
89.978
17.773
25.133
6.566
55.485
28.511
6.603
92.736
187.514
21.090
21.169
49.197
59.101
6.277
59.145
10.983
55.013
96.040
5.443
80.156
61.182
3.389
6.828
156.659
218.591
22.027
14.718
21.052
65.284
46.498
51.462
20.461
12.328
12.110
11.345
2.259
5.061
22.211
17.629
56.113
10.130
2.235
7.145
9.926
10.311
7.060
35.691
14.253
9.395
22.355
12.918
15.520
10.891
13.414
35.362
22.880
13.702
14.017
32.697
5.508
52.941
12.228
19.424
12.392
37.464
53.794
3.205
33.021
18.480
20.803
40.607
64.870
7.648
10.136
21.208
14.772
25.514
30.876
28.331
32.284
49.707
23.079
10.134
4.111
18.000
20.240
8.943
16.220
94.538
28.952
12.230
13.887
4.347
27.836
16.071
23.005
14.875
28.797
16.604
3.123
1.122
6.007
1.791
3.063
1.659
2.536
3.237
4.735
1.664
1.206
5.261
1.128
4.990
1.092
4.417
8.921
11.796
1.673
19.257
10.024
2.502
3.176
1.314
5.991
1.164
6.099
6.473
10.664
35.227
126.090
69.169
51.289
33.046
33.461
25.790
4.053
14.188
10.469
2.865
11.061
23.582
38.033
8.532
53.017
1.272
14.370
10.759
8.727
10.489
39.646
22.011
17.577
15.577
9.536
16.554
15.712
6.917
4.791
1.492
3.901
30.527
89.923
20.320
8.959
6.697
7.082
13.815
9.748
19.707
19.865
8.550
16.692
4.056
20.476
26.995
7.712
8.630
6.229
15.411
33.193
2.054
6.000
3.015
7.240
6.421
13.271
7.689
1.846
4.802
7.657
4.269
36.514
34.127
15.040
2.640
4.564
9.647
25.193
4.765
65.869
26.262
10.796
5.774
15.106
5.641
14.314
25.429
7.264
11.469
6.762
17.881
9.687
29.727
14.036
16.169
64.257
42.526
48.629
11.059
34.267
20.489
34.355
15.672
3.366
17.444
14.584
33.915
18.264
15.657
11.329
22.885
16.344
14.875
18.689
16.965
50.087
65.472
19.603
7.056
9.052
33.451
30.579
16.069
2.913
14.660
65.463
1.792
17.251
20.726
19.963
24.660
2.930
23.728
7.849
18.699
20.549
25.487
6.803
2.705
4.308
6.753
17.895
44.515
22.744
16.468
7.322
2.346
13.453
14.226
9.857
1.306
48.623
31.566
7.326
24.302
31.884
17.407
6.388
26.007
40.212
7.130
6.405
34.808
7.795
10.636
38.534
30.780
9.753
20.628
24.268
6.207
21.988
60.281
48.431
57.870
10.342
7.962
28.860
7.721
17.760
4.237
2.152
36.164
15.441
7.258
4.342
9.199
13.336
11.684
9.033
20.762
20.494
14.367
6.071
8.771
8.103
21.039
20.898
11.647
2.453
15.047
7.132
11.879
39.983
24.862
4.358
11.223
21.044
47.201
7.851
40.224
20.832
18.868
6.579
11.649
32.220
8.817
11.315
6.003
10.253
1.526
3.823
11.792
13.385
2.263
16.902
58.582
31.979
9.519
6.159
1.188
10.833
15.279
23.774
36.358
48.104
16.576
6.809
11.472
7.691
4.072
23.935
75.672
18.630
41.508
56.361
4.050
6.428
31.821
15.065
66.391
8.997
17.598
58.434
27.501
46.686
28.110
8.889
55.446
50.718
4.944
23.810
10.347
1.317
8.473
29.810
30.156
9.181
11.535
21.684
17.049
53.760
27.173
8.751
13.499
26.540
1.479
4.008
54.153
17.674
39.822
19.307
9.305
5.375
6.866
10.720
34.054
7.110
11.521
26.614
2.774
2.729
12.409
7.934
15.833
7.861
26.099
12.783
9.713
7.757
13.947
12.550
29.631
23.880
15.226
10.342
38.718
13.517
3.247
21.264
25.536
13.013
16.430
7.482
9.778
7.361
26.575
18.182
25.633
7.998
1.900
9.192
9.218
17.280
2.338
24.016
15.464
12.162
6.643
1.724
20.889
2.453
39.141
27.430
15.113
38.369
13.055
11.093
4.053
11.619
11.019
22.200
60.780
27.791
32.689
49.119
9.034
7.263
10.168
16.153
35.668
35.860
6.222
3.340
3.532
2.631
7.057
4.107
8.348
1.109
3.442
4.018
1.560
2.010
1.924