0.909
2.57
1.04
1.005
2.483
0.925
1.086
3.179
1.346
5.042
3.215
2.261
1.665
8.464
3.148
3.595
2.833
5.229
1.155
1.402
0.933
4.364
5.775
8.095
1.156
1.839
4.139
2.704
2.274
12.236
2.578
39.089
1.238
1.082
4.372
2.359
7.694
1.925
6.508
2.301
1.911
2.315
6.594
2.863
3.523
6.195
4.447
2.775
5.333
10.888
3.195
10.789
3.89
1.626
2.84
3.709
10.786
7.368
6.247
7.006
4.253
11.162
9.956
11.614
0.908
3.026
2.629
3.789
1.815
0.923
7.048
7.939
7.201
4.137
15.104
25.04
2.025
9.606
1.354
2.071
6.443
7.051
3.605
1.373
5.751
1.348
5.525
1.861
4.678
2.981
7.046
3.243
7.003
31.363
5.227
1.809
3.86
1.321
1.96
6.523
13.749
10.408
8.998
1.719
24.708
15.539
23.735
11.439
7.63
6.828
21.369
6.908
23.043
8.282
27.352
12.273
12.388
7.421
39.046
12.451
7.051
11.267
18.489
31.398
17.842
27.584
11.88
60.391
36.907
18.523
2.777
13.253
44.427
16.062
7.47
26.871
16.087
11.69
22.886
17.686
15.142
16.119
18.401
37.472
13.952
6.763
16.157
10.888
14.125
42.074
46.202
2.803
4.087
1.188
2.634
17.667
13.308
7.151
11.299
33.056
6.187
22.52
10.959
6.925
19.469
12.645
16.34
10.263
5.165
3.229
10.791
1.741
9.312
1.435
2.611
53.573
17.84
24.436
8.578
5.88
12.156
10.57
39.571
4.698
8.578
26.853
15.659
9.441
18.109
40.152
12.755
29.4
3.961
10.533
11.108
19.053
13.944
33.014
8.66
16.235
20.628
32.704
56.813
6.933
18.968
29.431
38.027
4.385
31.63
11.818
6.014
39.283
9.794
9.186
20.215
18.455
8.618
12.821
28.372
6.197
2.813
19.366
51.561
8.657
11.687
19.551
13.167
14.238
15.247
13.793
18.511
13.205
23.154
39.269
10.41
14.251
30.676
12.225
13.242
12.756
51.184
14.269
20.946
46.211
36.349
8.677
17.023
10.227
35.457
14.695
10.263
9.62
26.217
3.504
27.325
8.448
2.252
6.932
9.276
17.548
21.143
32.676
29.521
25.774
56.901
24.027
48.915
18.899
7.232
9.265
12.741
1.612
65.002
8.181
12.098
16.43
4.653
18.606
14.982
15.664
9.038
8.009
9.686
2.988
23.752
18.581
36.431
30.336
19.137
7.383
6.189
4.045
7.661
8.414
5.843
43.396
17.012
18.355
29.921
29.43
15.567
5.251
18.867
12.317
13.115
7.737
18.753
9.456
11.802
8.966
5.599
7.99
18.062
10.886
16.052
21.094
12.656
55.327
15.633
7.743
6.652
1.66
4.511
60.11
30.106
6.722
15.457
8.567
4.385
7.788
1.676
37.638
4.287
9.823
8.638
30.883
6.88
19.262
62.751
15.138
22.135
1.691
29.931
47.429
47.457
18.581
12.948
48.082
20.757
12.395
15.015
22.039
12.434
15.559
40.415
25.201
23.141
32.296
1.506
30.033
24.584
24.933
6.315
57.222
111.933
31.243
7.103
18.801
25.45
38.304
69.515
42.788
28.55
17.876
21.987
88.153
55.658
4.732
9.848
11.028
14.146
36.218
5.849
17.83
11.671
35.636
3.136
67.909
21.715
27.949
74.228
61.699
10.809
41.217
19.425
25.56
27.889
28.73
32.604
27.137
7.663
15.458
8.409
2.995
1.981
8.532
26.36
30.491
42.089
39.951
51.217
9.447
26.104
17.998
0.954
40.285
42.159
21.314
6.602
8.252
21.581
6.938
8.832
5.012
26.994
15.906
15.587
10.456
12.111
32.075
36.313
7.126
2.911
15.033
6.609
68.797
26.824
14.411
19.283
8.695
64.912
54.496
6.845
12.76
47.353
8.318
25.315
34.432
27.538
6.384
33.06
35.53
13.819
21.435
48.104
45.948
72.89
15.615
33.46
30.798
42.67
59.542
13.776
23.411
19.218
3.684
14.772
50.022
10.261
43.029
52.773
22.006
12.51
6.547
7.296
46.147
56.791
6.747
35.055
13.753
40.081
24.467
13.658
27.539
11.203
14.99
50.477
13.67
44.284
4.07
7.676
10.092
11.467
104.177
26.774
41.193
65.136
20.972
26.278
19.238
5.648
59.879
38.48
100.357
22.913
100.771
25.966
63.775
31.336
18.532
8.216
29.85
20.844
8.75
89.778
17.573
24.933
6.366
55.285
28.311
6.403
92.536
187.314
20.89
20.969
48.997
58.901
6.077
58.945
10.783
54.813
95.84
5.243
79.956
60.982
3.189
6.628
156.459
218.391
21.827
14.518
20.852
65.084
46.298
51.262
20.261
12.128
11.91
11.145
2.059
4.861
22.011
17.429
55.913
9.93
2.035
6.945
9.726
10.111
6.86
35.491
14.053
9.195
22.155
12.718
15.32
10.691
13.214
35.162
22.68
13.502
13.817
32.497
5.308
52.741
12.028
19.224
12.192
37.264
53.594
3.005
32.821
18.28
20.603
40.407
64.67
7.448
9.936
21.008
14.572
25.314
30.676
28.131
32.084
49.507
22.879
9.934
3.911
17.8
20.04
8.743
16.02
94.338
28.752
12.03
13.687
4.147
27.636
15.871
22.805
14.675
28.597
16.404
2.923
0.922
5.807
1.591
2.863
1.459
2.336
3.037
4.535
1.464
1.006
5.061
0.928
4.79
0.892
4.217
8.721
11.596
1.473
19.057
9.824
2.302
2.976
1.114
5.791
0.964
5.899
6.273
10.464
35.027
125.89
68.969
51.089
32.846
33.261
25.59
3.853
13.988
10.269
2.665
10.861
23.382
37.833
8.332
52.817
1.072
14.17
10.559
8.527
10.289
39.446
21.811
17.377
15.377
9.336
16.354
15.512
6.717
4.591
1.292
3.701
30.327
89.723
20.12
8.759
6.497
6.882
13.615
9.548
19.507
19.665
8.35
16.492
3.856
20.276
26.795
7.512
8.43
6.029
15.211
32.993
1.854
5.8
2.815
7.04
6.221
13.071
7.489
1.646
4.602
7.457
4.069
36.314
33.927
14.84
2.44
4.364
9.447
24.993
4.565
65.669
26.062
10.596
5.574
14.906
5.441
14.114
25.229
7.064
11.269
6.562
17.681
9.487
29.527
13.836
15.969
64.057
42.326
48.429
10.859
34.067
20.289
34.155
15.472
3.166
17.244
14.384
33.715
18.064
15.457
11.129
22.685
16.144
14.675
18.489
16.765
49.887
65.272
19.403
6.856
8.852
33.251
30.379
15.869
2.713
14.46
65.263
1.592
17.051
20.526
19.763
24.46
2.73
23.528
7.649
18.499
20.349
25.287
6.603
2.505
4.108
6.553
17.695
44.315
22.544
16.268
7.122
2.146
13.253
14.026
9.657
1.106
48.423
31.366
7.126
24.102
31.684
17.207
6.188
25.807
40.012
6.93
6.205
34.608
7.595
10.436
38.334
30.58
9.553
20.428
24.068
6.007
21.788
60.081
48.231
57.67
10.142
7.762
28.66
7.521
17.56
4.037
1.952
35.964
15.241
7.058
4.142
8.999
13.136
11.484
8.833
20.562
20.294
14.167
5.871
8.571
7.903
20.839
20.698
11.447
2.253
14.847
6.932
11.679
39.783
24.662
4.158
11.023
20.844
47.001
7.651
40.024
20.632
18.668
6.379
11.449
32.02
8.617
11.115
5.803
10.053
1.326
3.623
11.592
13.185
2.063
16.702
58.382
31.779
9.319
5.959
0.988
10.633
15.079
23.574
36.158
47.904
16.376
6.609
11.272
7.491
3.872
23.735
75.472
18.43
41.308
56.161
3.85
6.228
31.621
14.865
66.191
8.797
17.398
58.234
27.301
46.486
27.91
8.689
55.246
50.518
4.744
23.61
10.147
1.117
8.273
29.61
29.956
8.981
11.335
21.484
16.849
53.56
26.973
8.551
13.299
26.34
1.279
3.808
53.953
17.474
39.622
19.107
9.105
5.175
6.666
10.52
33.854
6.91
11.321
26.414
2.574
2.529
12.209
7.734
15.633
7.661
25.899
12.583
9.513
7.557
13.747
12.35
29.431
23.68
15.026
10.142
38.518
13.317
3.047
21.064
25.336
12.813
16.23
7.282
9.578
7.161
26.375
17.982
25.433
7.798
1.7
8.992
9.018
17.08
2.138
23.816
15.264
11.962
6.443
1.524
20.689
2.253
38.941
27.23
14.913
38.169
12.855
10.893
3.853
11.419
10.819
22.0
60.58
27.591
32.489
48.919
8.834
7.063
9.968
15.953
35.468
35.66
6.022
3.14
3.332
2.431
6.857
3.907
8.148
0.909
3.242
3.818
1.36
1.81
1.724
